rank,item
1,차량용핸드폰거치대
2,빨래건조대
3,로타
4,전자담배
5,어린이집수건
6,식기건조대
7,네임스티커
8,차량용공기청정기
9,스타벅스텀블러
10,빨래바구니
11,다이어리
12,텀블러
13,안마기
14,필통
15,리빙박스
16,미세먼지마스크
17,아이코스
18,안마의자
19,드론
20,원피스피규어
21,체중계
22,미백치약
23,옷걸이
24,cctv
25,워너원앨범
26,멀티탭
27,강아지옷
28,스미글필통
29,방수네임스티커
30,차량용스마트폰거치대
31,비데
32,차량용휴대폰거치대
33,어린이집고리수건
34,가정용분리수거함
35,수저세트
36,스터디플래너
37,콜트기타
38,수납정리함
39,욕실선반
40,분리수거함
41,크래프터
42,포트메리온
43,화분
44,재활용분리수거함
45,보온도시락
46,캣타워
47,세계지도
48,초등학생필통
49,수저통
50,강아지집
51,금고
52,연꽃초
53,수납박스
54,황사마스크
55,써모스보온병
56,냄비세트
57,디지털피아노
58,음식물쓰레기통
59,수건
60,족욕기
61,비비탄총
62,강아지계단
63,손목보호대
64,통기타
65,양념통
66,자동차용품
67,차량용방향제
68,자동차트렁크정리함
69,퍼실
70,고퍼우드i100
71,모카포트
72,원피스레진피규어
73,궐련형전자담배
74,건담
75,무릎보호대
76,게르마늄팔찌
77,질레트면도날
78,지압슬리퍼
79,아이언맨피규어
80,독서대
81,밥상
82,기타
83,차량용무선충전기
84,종이컵
85,스투키
86,다우니
87,이름스티커
88,욕실화
89,휴지통
90,실내공기정화식물
91,고퍼우드g100
92,머그컵
93,플래티넘20세컨즈
94,후라이팬
95,일회용마스크
96,전자담배액상
97,차량용청소기
98,아이코스스킨
99,커피그라인더
100,액자테이블
101,리스테린
102,주차번호판
103,코렐
104,수호랑
105,샤워기헤드
106,냄비
107,a4용지
108,테팔후라이팬
109,드라이플라워
110,이동식욕조
111,치약
112,차량용충전기
113,보온병
114,커피잔
115,욕조
116,도마
117,조화
118,전동드릴
119,쌀통
120,허리보호대
121,고리수건
122,샤워커튼
123,hud
124,쓰레기통
125,욕실수납장
126,스크레치제로
127,화장실리모델링
128,와이퍼
129,어깨안마기
130,고퍼우드g110
131,마리모
132,차량용컵홀더
133,칫솔
134,그릇세트
135,보쉬전동드릴
136,마스크
137,도장
138,수납바구니
139,덴비
140,어항
141,브라운체온계
142,샤오미차량용공기청정기
143,해피콜후라이팬
144,화장지
145,철제선반
146,섬유유연제
147,다우니섬유유연제
148,전골냄비
149,바른자세교정밴드
150,중국건담
151,6공다이어리
152,야채다지기
153,커피잔세트
154,나트라케어
155,만년필
156,욕실리모델링
157,두루마리휴지
158,발마사지기
159,도시락통
160,멀티탭정리함
161,티포트
162,드래곤볼피규어
163,신발정리대
164,루미큐브
165,케이크토퍼
166,피아노
167,공기정화식물
168,슬라임재료
169,차량용햇빛가리개
170,트롤리
171,뚝배기
172,변기커버
173,전자피아노
174,암웨이치약
175,보드게임
176,2018다이어리
177,바질트리
178,생리대
179,야마하p115
180,소화기
181,4구계란후라이팬
182,원목캣타워
183,빌레로이앤보흐
184,고양이화장실
185,이사박스
186,실리트실라간냄비
187,차량용품
188,디오라마
189,전동드라이버
190,건조대
191,코렐6인세트
192,희토류팔찌
193,거북목교정기
194,주방선반
195,휴지
196,바지걸이
197,세면대
198,속옷정리함
199,kt&g릴케이스
200,블랙팬서피규어
201,강아지매트
202,차량용무선충전거치대
203,오덴세
204,수면안대
205,자동차시트커버
206,커트러리
207,샤워가운
208,연필깎이
209,싱크대수전
210,좌욕기
211,트렁크정리함
212,샤오미체중계
213,스칸디아모스
214,스타벅스캔디보틀
215,다육이
216,칫솔꽂이
217,베이킹소다
218,피규어
219,코팅기
220,인스랜덤박스
221,워너원굿즈
222,아레카야자
223,이동식트롤리
224,코지마안마의자
225,양념통세트
226,세탁바구니
227,써모스원터치
228,각티슈
229,강아지울타리
230,욕실장
231,폴란드그릇
232,다리미판
233,hud헤드업디스플레이
234,질레트면도기
235,화이트보드
236,저격총
237,코렐10인세트
238,초보운전스티커
239,사진앨범
240,고무장갑
241,컬러링북
242,일본동전파스
243,우유거품기
244,타공판
245,과탄산소다
246,사다리
247,만년도장
248,전자저울
249,연필꽂이
250,드라이기거치대
251,크래프터기타
252,발가락교정기
253,나루토피규어
254,엔진오일
255,전동건
256,신혼그릇세트
257,한샘식기건조대
258,바디프랜드안마의자
259,접이식밥상
260,중학생필통
261,코일매트
262,오슬로후라이팬
263,자동차핸들커버
264,어린이집식판
265,고양이장난감
266,대학생필통
267,3m장갑
268,틸란드시아
269,비타스틱
270,유칼립투스
271,공백세탁조클리너
272,비알레띠모카포트
273,인바디체중계
274,휴족시간
275,교자상
276,라탄바구니
277,샤프
278,물병
279,논슬립옷걸이
280,소형금고
281,목욕가운
282,주방세제
283,강아지방석
284,디월트충전드릴
285,스피드랙
286,롤피아노
287,세븐라이너
288,4구에그팬
289,고양이사료
290,차량용목쿠션
291,찻잔세트
292,하늘슬라임
293,치아미백
294,샤워기
295,발목보호대
296,테라브레스
297,데스크매트
298,커피드리퍼
299,어린이집수건자수
300,고등학생필통
301,코렐4인세트
302,야마하디지털피아노
303,태극기
304,카카오프렌즈필통
305,거실화분
306,가정용저주파치료기
307,bb탄총
308,라미만년필
309,인스
310,찜질팩
311,글라스락
312,마스킹테이프
313,수호랑인형
314,우쿨렐레
315,주전자
316,떡메모지
317,어깨마사지기
318,스타우브
319,치간칫솔
320,차량용거치대
321,의류스탬프
322,하수구트랩
323,피타마스크
324,면기
325,스미글
326,스텐양치컵
327,스퀴시
328,정리함
329,조지루시보온병
330,달리치약
331,위베어베어스필통
332,뱅갈고무나무
333,저스트포그
334,핸들커버
335,키친타올걸이
336,다기세트
337,스칼프곰팡이제거제
338,접시
339,고양이스크래쳐
340,접이식카트
341,제라늄
342,카멜레온360
343,마도로스펫
344,어깨교정밴드
345,가랜드
346,액체세제
347,인감도장
348,해피콜냄비세트
349,행잉플랜트
350,강아지노즈워크
351,마사지볼
352,에그팬
353,강아지간식
354,셀프세차용품
355,덴티스테치약
356,오일병
357,어린이집자수수건
358,나눔접시
359,싱크대선반
360,글라스락이유식용기
361,다리마사지기
362,다육식물
363,철판아이스크림
364,해바라기샤워기
365,극락조
366,스텐냄비
367,주방수납정리
368,욕실슬리퍼
369,더마틱스울트라
370,베란다선반
371,혈압측정기
372,가죽필통
373,강아지사료
374,라미샤프
375,압력솥
376,kf94
377,실리콘손목보호대
378,인덕션용냄비
379,리코더
380,노비타비데
381,휴플러스어깨안마기
382,차량핸드폰거치대
383,접착식앨범
384,천연주방세제
385,깨끗한나라순수3겹
386,반신욕욕조
387,미세먼지측정기
388,mg건담
389,미세먼지
390,스타벅스머그컵
391,리틀팍스
392,안마의자렌탈
393,어린이집양치컵
394,파라핀치료기
395,자동차에어컨필터
396,문서파쇄기
397,샤오미마스크
398,오므론혈압계
399,차량용태블릿거치대
400,티메이커
401,플라스틱리빙박스
402,고퍼우드
403,락앤락텀블러
404,카시오공학용계산기
405,육공다이어리
406,와인잔
407,대형화분
408,스타벅스콜드컵
409,갑조네
410,황사마스크kf94
411,후라이팬정리대
412,클리어파일
413,제트스트림
414,고압세척기
415,피젯스피너
416,식기세트
417,넨도로이드
418,야마하리코더
419,스프링노트
420,써모스텀블러
421,화장실선반
422,세탁세제
423,카시오계산기
424,밀대걸레
425,파일꽂이
426,핸드타올
427,l자파일
428,인터폰
429,부루마블
430,지퍼백
431,샤오미멀티탭
432,룬룬필통
433,애터미치약
434,라탄빨래바구니
435,어린이집네임스티커
436,노즈스위퍼
437,오덴세그릇
438,강아지가방
439,테라브레스가글
440,세면대수전
441,핸드드립세트
442,빨대텀블러
443,수제도장
444,눈마사지기
445,나무도마
446,한국도자기
447,고기불판
448,조립식선반
449,풍년압력밥솥
450,아이언맨
451,주방용품
452,바이올린
453,충전식전동드릴
454,코렐스누피
455,유리컵
456,가방걸이
457,듀오덤
458,이갈이마우스피스
459,가면라이더에그제이드
460,커트러리세트
461,2단식기건조대
462,아조나치약
463,자물쇠
464,유칼립투스화분
465,공구함
466,계란후라이팬
467,로얄알버트
468,오일스프레이
469,스타벅스컵
470,코골이방지밴드
471,양키캔들차량용방향제
472,소주잔
473,미세먼지마스크kf94블랙
474,여행토퍼
475,인쇄소스티커
476,건식족욕기
477,유기농본생리대
478,편수냄비
479,타로카드
480,호텔수건
481,아나브러쉬
482,해답의책
483,라바제식기건조대
484,목안마기
485,강아지장난감
486,강아지하네스
487,네퓨어황사마스크kf94
488,수경식물
489,인테리어화분
490,자동차와이퍼
491,연꽃생일초
492,차량방향제
493,휘슬러압력밥솥
494,저금통
495,키친타올
496,원피스피규어레진
497,차량공기청정기
498,계란말이후라이팬
499,조리도구세트
500,반신욕조
